1.000000
1.000000
1.000000
1.000000
1.000000
1.000000
1.000000
1.000000
1.000000
1.000000
1.000000
1.000000
6.911608
20.545830
43.634802
52.074122
38.495765
44.870826
55.492478
87.354705
36.565331
20.249757
12.993899
18.482667
14.869595
40.444076
29.626213
49.803015
55.479488
86.549991
78.428307
50.393904
39.236048
33.692533
30.956168
19.680761
8.335512
1.000000
1.000000
1.000000
1.000000
1.000000
1.000000
1.000000
1.000000
1.000000
1.000000
1.000000
1.000000
1.000000
5.045854
1.000000
1.000000
1.000000
1.000000
3.870927
4.919553
4.919553
8.070758
8.076217
26.993380
11.277142
11.290821
8.151980
14.465637
12.386236
8.199602
8.207604
25.039353
61.734717
69.212590
69.447903
60.581514
42.558898
29.933530
26.380416
28.291424
46.933252
38.586028
21.677689
1.837900
1.761664
1.000000
7.185308
7.141809
1.000000
1.000000
1.000000
2.555723
1.000000
1.000000
1.000000
1.000000
1.000000
1.000000
1.000000
1.000000
1.000000
1.000000
1.000000
1.000000
1.000000
1.000000
1.000000
1.000000
1.000000
1.000000
1.000000
1.000000
1.000000
1.000000
1.000000
1.000000
1.000000
1.000000
1.000000
1.000000
1.000000
1.000000
1.000000
1.000000
1.000000
1.000000
1.000000
1.000000
1.000000
1.000000
1.000000
1.000000
1.000000
1.000000
1.000000
1.000000
1.000000
1.000000
1.000000
1.000000
1.000000
6.911608
22.643609
48.883815
63.637421
54.296294
31.291007
15.589967
14.568108
45.353586
56.417528
51.119604
36.687414
20.374424
2.169069
1.000000
1.000000
1.000000
1.000000
1.000000
11.222095
20.688996
37.537918
35.519710
69.016666
47.336294
47.477527
43.979863
38.650060
27.824888
29.733401
46.264492
46.447890
38.388327
1.000000
1.000000
1.000000
1.000000
1.000000
5.507324
23.734363
43.856488
34.869878
16.724305
7.629138
3.971761
1.000000
1.000000
1.000000
1.000000
1.000000
1.000000
1.000000
1.000000
1.000000
1.000000
1.000000
1.777211
2.822300
4.919553
4.919553
4.919553
10.171635
10.180952
15.443812
15.465004
20.742662
31.293776
28.212524
56.317825
65.604571
58.527639
53.262277
68.074928
51.928882
63.979602
52.890545
47.421770
58.964621
70.586836
76.613794
71.326568
63.170416
52.119270
43.834629
29.801767
29.885656
27.125761
30.033976
35.809090
33.094170
33.203458
30.468372
37.088529
25.752952
14.328351
1.000000
1.000000
1.000000
1.000000
1.000000
1.000000
1.000000
1.000000
1.000000
1.000000
1.000000
1.000000
1.000000
1.000000
1.000000
1.000000
1.000000
1.000000
1.000000
1.000000
1.000000
5.045854
1.000000
1.000000
1.000000
14.425264
31.264116
33.437328
56.282108
54.619408
63.913791
78.748631
75.426347
97.827523
67.054650
75.870128
59.188410
59.454890
19.947832
5.759626
8.529200
1.000000
1.000000
1.000000
1.000000
1.000000
1.000000
1.000000
1.000000
58.082128
76.489460
74.930909
80.701132
70.094758
109.386979
109.936879
110.529629
71.365208
34.780155
1.000000
1.000000
1.000000
3.154544
14.429046
20.093889
25.795759
23.009678
17.363230
11.679638
3.117794
1.000000
1.000000
1.000000
1.000000
1.000000
2.040716
10.478754
4.769507
1.868670
1.000000
1.000000
1.000000
1.000000
1.000000
1.000000
1.000000
1.000000
1.000000
1.000000
1.000000
9.129731
1.000000
1.797778
9.067924
3.597266
3.579446
1.000000
1.000000
1.000000
2.920870
1.000000
1.846281
1.000000
1.000000
2.866503
7.065216
14.425264
30.212881
39.744321
63.606170
25.493878
14.607773
12.803105
25.585019
12.875691
18.362307
20.221487
16.614684
11.169206
7.527003
7.519898
7.512818
9.330354
12.979612
11.169206
5.702361
1.000000
1.000000
1.000000
1.000000
1.000000
1.617016
8.887161
10.709953
16.183840
25.320879
34.489417
23.632633
12.739777
1.000000
1.000000
1.000000
1.000000
1.000000
1.000000
1.000000
1.000000
1.000000
1.000000
1.000000
1.000000
1.000000
1.000000
1.000000
1.000000
1.000000
1.000000
1.000000
1.000000
10.057640
21.595567
33.144068
41.566582
46.869925
50.106612
50.224444
69.064896
34.620012
9.174504
1.000000
1.000000
1.000000
1.000000
1.000000
1.000000
1.000000
1.000000
1.809634
6.006177
7.058925
8.113843
9.171062
15.485326
20.764957
18.701998
9.275412
1.926720
1.000000
1.000000
1.000000
7.108118
13.419517
25.004804
72.605129
96.537074
85.945709
42.473026
11.583383
1.000000
1.000000
1.000000
5.934407
1.000000
1.000000
1.000000
1.000000
1.000000
1.000000
1.000000
1.000000
1.000000
1.000000
1.000000
1.000000
1.000000
1.000000
1.000000
1.000000
1.000000
1.000000
1.000000
1.000000
1.000000
1.000000
1.000000
1.000000
1.000000
1.000000
1.000000
1.000000
1.000000
1.000000
1.000000
1.000000
1.000000
1.000000
1.000000
1.000000
1.000000
1.000000
1.000000
1.000000
1.000000
1.000000
1.000000
1.000000
1.000000
1.000000
1.000000
1.000000
1.000000
1.000000
1.000000
1.000000
1.000000
1.000000
1.000000
1.000000
1.000000
1.000000
1.000000
1.000000
1.000000
1.000000
1.000000
1.000000
1.000000
1.000000
1.000000
1.000000
1.000000
1.000000
1.000000
1.000000
1.000000
1.000000
1.000000
1.000000
1.000000
10.057640
25.791416
47.839829
59.444633
57.451877
43.920586
19.845562
5.164796
1.000000
1.000000
1.000000
1.000000
1.000000
1.000000
1.000000
1.000000
1.000000
1.000000
1.000000
1.000000
1.000000
6.911608
15.301640
25.794332
25.806608
36.322245
55.271876
65.892914
87.174360
34.550212
9.104704
5.457270
1.000000
1.000000
1.000000
1.000000
1.000000
1.000000
1.000000
1.000000
1.000000
1.000000
1.000000
2.842476
4.939728
7.040839
10.196619
12.308347
25.985793
10.268640
5.025510
5.025510
1.000000
1.000000
1.000000
1.000000
1.000000
1.000000
1.000000
1.000000
1.000000
1.000000
1.000000
1.000000
1.000000
1.000000
1.000000
1.000000
1.000000
1.000000
1.000000
1.000000
1.000000
1.000000
1.000000
1.000000
1.000000
1.000000
1.000000
1.000000
1.000000
1.000000
1.000000
1.000000
1.000000
1.000000
1.000000
1.000000
1.000000
15.301319
16.352436
33.144068
49.965763
58.441605
63.823868
112.767599
100.399481
88.032363
128.852377
132.334612
116.010169
71.192571
28.920542
11.942951
14.747111
11.885877
6.163882
1.000000
1.000000
1.000000
2.723926
13.999372
22.503985
33.902648
34.009830
25.594280
17.124607
17.124607
19.965951
34.191615
45.670232
51.544738
57.464415
54.901809
46.637137
29.780893
18.487996
15.643938
12.779163
15.581670
32.624991
52.641115
44.365327
27.491319
30.402209
30.490505
40.926667
33.429439
22.063925
1.000000
1.000000
1.000000
1.000000
1.000000
1.000000
1.000000
1.000000
1.000000
1.000000
1.000000
1.000000
1.000000
1.000000
1.000000
10.171635
20.686943
57.509430
85.362688
96.579174
82.342858
46.159318
46.336635
72.267017
72.573928
24.626510
21.835079
1.000000
1.000000
1.000000
1.000000
1.000000
1.000000
1.000000
5.075353
30.312882
56.323866
45.544798
54.804414
44.040455
20.458992
13.204552
22.348000
26.056596
18.828184
1.000000
1.000000
1.000000
1.000000
1.000000
1.000000
5.267933
8.903005
7.080162
1.000000
1.000000
1.000000
1.000000
1.000000
17.525164
45.924421
47.084704
12.501985
1.000000
1.000000
1.000000
1.000000
4.919553
15.424083
36.460179
31.280075
27.145571
25.108159
36.337034
56.496561
69.455464
98.937580
64.680247
83.898381
55.891442
24.885259
19.255317
22.111671
22.144959
25.018411
27.909155
33.658064
25.240153
19.611037
50.877563
48.252788
39.930432
20.186454
20.205085
17.381861
20.223756
28.768503
37.371072
40.348538
29.133706
17.840810
14.998010
6.450430
1.000000
1.000000
1.000000
1.000000
1.000000
1.000000
1.000000
1.000000
1.000000
1.000000
1.000000
13.323060
38.557432
37.588317
39.785644
67.335664
91.281098
104.434582
145.962037
146.725850
102.097257
114.048358
109.062947
81.308540
94.249213
90.998435
76.298173
65.286991
54.181625
46.790589
39.333779
43.246697
54.819488
47.433455
32.353714
28.575189
32.388129
40.048739
40.152771
13.564488
1.000000
1.000000
1.000000
1.000000
1.000000
1.000000
1.000000
13.494151
39.034432
90.296464
122.029631
102.856093
55.127526
26.957669
4.268096
1.000000
1.000000
1.000000
1.000000
1.000000
1.000000
1.000000
1.000000
1.000000
1.000000
1.000000
15.537347
40.802264
70.919669
65.673978
62.254511
49.709531
48.073125
46.438479
66.756731
86.914250
90.174310
82.113241
56.963129
31.648447
31.743766
34.682672
31.956931
29.212401
37.821305
43.649597
38.146787
41.136529
52.683926
52.944091
55.981156
37.178027
33.459430
33.519570
45.006416
64.205534
79.757570
64.962596
50.042499
50.238400
50.436197
43.012064
31.709848
31.743262
66.087025
77.868619
66.882188
51.980101
82.710381
140.285157
91.229316
59.895850
64.680236
92.290888
101.970884
80.817101
42.221356
31.035037
25.296498
25.064474
13.708166
1.000000
1.000000
1.000000
1.000000
18.060611
36.095705
1.000000
1.000000
35.228526
35.228526
39.780062
48.926271
44.503587
40.037953
26.425417
17.236194
1.000000
1.000000
1.000000
1.000000
1.000000
8.609108
19.879385
27.436436
23.625339
15.970891
4.441941
1.000000
1.000000
1.000000
1.000000
1.000000
1.000000
13.494151
39.034432
90.296464
122.029631
102.856093
55.127526
55.400420
139.258145
67.799534
68.139280
18.956202
30.322875
41.783365
64.770487
95.580707
88.555326
73.848825
1.000000
1.000000
1.019381
1.000000
11.998992
11.871130
15.554311
11.649398
11.523853
1.000000
1.000000
1.000000
2.933688
6.565420
6.419942
1.844465
10.250100
15.875281
15.854053
18.677277
21.521729
24.387528
41.498742
41.673130
30.468372
16.330157
1.000000
1.000000
1.000000
1.000000
1.000000
1.000000
1.000000
1.000000
25.558472
69.410476
106.190146
179.919718
155.336859
122.144604
77.386578
46.534145
21.145647
15.478678
6.927321
1.000000
1.000000
1.000000
1.000000
1.000000
1.000000
1.000000
1.000000
1.000000
1.000000
1.000000
1.000000
1.000000
1.000000
1.000000
1.000000
1.000000
1.000000
1.000000
1.000000
1.000000
1.000000
1.000000
1.000000
1.000000
1.000000
1.000000
1.000000
1.000000
1.000000
1.000000
1.000000
1.000000
1.000000
1.000000
1.000000
1.000000
1.000000
1.000000
1.000000
1.000000
1.000000
1.000000
1.000000
1.000000
1.000000
1.000000
1.000000
1.000000
1.000000
1.000000
1.000000
1.000000
1.000000
1.000000
1.000000
1.000000
13.203803
34.185329
57.299678
67.887659
61.732433
89.070106
78.418048
73.230972
69.874681
57.391003
75.350112
67.167990
75.989252
84.881988
85.327716
77.266647
57.786120
38.167464
24.092815
21.290386
24.155319
24.197184
12.862422
1.000000
1.000000
1.000000
1.000000
1.000000
1.000000
1.000000
1.000000
1.000000
1.000000
1.000000
1.000000
1.000000
5.969940
12.274434
34.353691
50.194630
72.651739
30.921358
20.053985
31.037628
53.015856
64.151334
73.536466
134.606657
158.018747
153.258088
131.479704
106.739730
120.945347
114.115631
80.565266
42.912296
8.740341
1.000000
1.000000
1.000000
26.389393
30.198804
30.229743
26.451218
26.451218
37.879926
64.643468
87.827755
76.919026
54.481401
35.655969
12.850634
1.000000
1.000000
1.000000
7.435151
41.565320
79.789246
106.916283
88.555326
50.972923
24.489304
1.000000
1.000000
1.000000
31.020324
76.786740
130.595378
131.543049
82.928716
49.490346
17.754239
1.000000
1.000000
2.437135
9.820534
1.000000
1.000000
1.000000
1.000000
1.000000
1.000000
1.000000
1.000000
1.000000
1.000000
1.000000
1.000000
1.000000
1.000000
1.000000
1.000000
6.012381
8.115969
10.224073
18.643006
33.393813
40.837551
43.631700
16.393582
1.000000
1.000000
1.000000
1.000000
4.919553
4.919553
24.879409
56.455279
123.647181
94.893411
82.492868
140.054381
163.474970
172.943379
156.994074
177.285222
167.111912
160.720656
158.136388
181.088297
100.566431
96.659310
124.610392
142.145796
137.606662
133.024982
122.828832
118.086830
113.290927
127.152169
120.998967
121.656784
136.097489
136.937780
137.787555
131.755513
118.752075
112.470648
106.104576
92.759142
72.344295
72.344295
72.344295
72.344295
72.344295
72.344295
72.344295
72.344295
72.344295
79.237588
72.432639
79.326027
100.095580
107.346044
154.444149
155.314260
139.611177
123.691251
107.551744
99.482161
99.592920
99.703794
99.814781
91.634553
91.634553
91.634553
83.343339
91.523566
91.523566
91.523566
83.232466
83.121706
83.011061
82.900530
74.499583
65.989130
65.659931
57.042368
73.184839
72.967311
81.038946
72.641874
80.713851
72.317464
72.101760
80.174307
88.354534
80.066740
88.246967
71.671721
71.457385
46.382859
37.565781
16.939174
23.135671
22.531866
28.822966
21.422843
27.721341
27.218304
19.830795
19.252881
18.679615
18.110996
24.432256
23.951981
23.475121
23.001675
18.228375
17.850876
17.476139
17.104164
16.734951
21.934671
27.196885
32.520673
49.036535
54.602245
65.794549
65.976968
60.593678
60.715981
49.705407
38.572529
32.884362
27.136309
26.894771
32.219710
32.040052
37.425951
48.436526
54.001469
54.061201
59.686183
59.806185
48.795611
54.361014
48.855727
48.855727
37.724997
37.605149
31.920664
26.177522
25.940894
31.269516
25.529750
19.733090
19.443635
19.156099
29.995072
33.536481
42.600749
47.203153
51.852843
47.438328
47.532838
47.627599
52.278986
43.309102
43.356828
38.848055
38.848055
34.291555
38.800329
34.243892
34.196291
29.592505
24.941684
29.356073
24.706195
10.899361
19.731155
19.546409
46.691297
60.449337
78.905484
93.001126
136.521121
131.918725
110.570668
77.847965
61.456248
50.445674
50.445674
50.445674
50.445674
44.878276
33.681829
33.496647
33.312156
44.261387
44.200120
49.705407
49.705407
55.271961
55.333305
72.095308
72.342678
72.591275
67.273241
56.325238
50.819951
39.684311
11.722561
1.000000
1.000000
1.000000
1.000000
1.000000
1.000000
1.000000
1.000000
1.000000
1.000000
1.000000
1.000000
11.649398
49.624551
80.303222
57.894113
31.477426
1.000000
1.000000
1.000000
3.473048
26.144201
26.144201
7.100040
1.000000
1.000000
1.000000
1.000000
1.000000
1.000000
1.000000
1.000000
45.782505
75.146692
59.023115
30.043264
26.492886
66.833754
104.035164
130.144566
122.378800
91.850196
61.110788
35.830673
18.891327
13.201754
1.780427
1.000000
1.000000
1.000000
1.000000
1.000000
1.000000
1.000000
1.000000
1.000000
1.000000
1.000000
16.558551
12.937359
7.477797
3.822017
1.977224
11.071681
34.797178
62.278031
77.127145
117.498728
86.833293
38.968485
1.000000
1.000000
1.000000
1.000000
15.313333
40.911498
106.374415
81.333276
36.277783
1.000000
1.000000
1.000000
1.000000
1.000000
1.000000
1.000000
11.389675
19.820424
14.605639
6.219852
1.000000
1.000000
1.000000
1.905207
8.204922
7.161674
1.000000
1.000000
1.000000
1.000000
1.000000
1.000000
1.000000
1.000000
1.000000
1.000000
1.000000
1.000000
1.000000
1.000000
1.000000
1.000000
1.000000
1.000000
1.000000
1.000000
1.000000
1.000000
1.000000
1.000000
1.000000
1.000000
1.000000
1.000000
1.000000
1.000000
1.000000
1.000000
27.887638
27.898248
24.767226
21.637950
18.508316
17.476877
16.445854
19.616694
23.847502
29.143911
34.462337
68.998998
74.678674
78.589045
75.248523
71.921781
103.724536
92.877308
84.827866
73.902474
62.914914
51.857629
40.724955
40.887696
35.364956
38.334297
35.637850
32.921356
33.029070
35.982849
38.960177
59.969248
75.479392
91.124822
106.916283
119.054422
119.887317
109.305405
104.036758
91.048088
73.376455
69.189009
55.847687
51.478322
33.396696
19.684874
1.000000
1.000000
1.000000
1.000000
1.000000
1.000000
1.000000
1.000000
19.269538
42.067500
65.059362
95.878113
119.363203
135.465235
181.088297
187.116047
241.540778
238.125088
276.376221
237.589164
177.683019
137.702151
110.996203
97.730768
104.968429
105.403511
119.626509
120.244256
127.760892
146.155671
155.205098
164.371896
181.950701
191.475770
217.720592
227.746842
229.622051
231.526445
233.460026
243.726663
245.846020
247.998326
258.493379
244.221556
238.025928
231.721137
225.302395
218.765256
212.105614
188.679477
173.159719
157.362009
132.962298
116.460872
99.678187
99.256984
82.196803
89.819301
72.625674
63.478599
54.200243
44.793343
35.260977
33.920240
40.903551
56.339455
63.731657
79.569042
79.047796
95.148312
94.888829
78.010777
77.495003
52.056106
42.856188
33.537531
24.103212
22.860521
38.235032
53.860818
61.431956
85.729800
85.487419
101.847874
101.847874
118.450710
110.391845
127.117069
135.785252
152.881061
161.924388
179.402752
197.142080
206.842266
216.687642
201.751208
194.877516
179.570498
164.004909
131.549866
106.876193
81.804688
31.404247
1.000000
1.000000
1.000000
1.000000
1.000000
28.104807
76.823796
93.063687
101.243915
92.943237
76.222117
67.562599
58.785823
66.490864
82.614409
107.273489
140.588098
157.784518
183.529129
193.046845
211.005753
220.928940
222.694244
224.481895
209.671497
202.926577
196.063145
180.764336
181.833278
182.909516
183.993051
185.083883
186.182011
187.287435
180.080440
189.379773
182.184748
174.853427
175.706437
159.916936
160.489713
152.740266
153.172073
145.280286
137.244450
137.388956
137.533575
129.353348
129.353348
121.028501
112.559376
103.946658
103.515194
103.084756
119.301959
127.482187
144.129258
161.064315
161.640741
162.218991
162.799066
146.729332
147.020509
138.986041
139.131915
139.277903
139.424004
139.570220
139.716550
139.862993
140.009551
131.829323
123.502538
115.029537
114.737220
114.445359
105.828195
113.717701
113.427436
113.137627
121.173120
121.028501
120.883995
137.388956
137.533575
146.003384
154.618838
155.055091
163.818585
164.403676
173.317832
174.054610
183.122735
175.685556
168.101820
152.040295
144.009704
127.499613
94.032233
59.974861
17.013138
1.000000
1.000000
1.000000
1.000000
1.000000
1.000000
1.000000
1.000000
1.000000
1.000000
1.000000
1.000000
1.000000
1.000000
1.000000
1.000000
5.908568
4.844871
3.154958
16.071379
15.383971
28.482297
34.863544
34.442213
34.023253
33.606664
33.192446
32.780599
32.371124
25.077933
31.478623
24.191692
23.713124
23.237971
18.418161
18.039280
12.095457
1.000000
1.000000
1.000000
1.000000
1.000000
1.000000
1.000000
1.000000
1.000000
1.000000
1.000000
1.000000
1.000000
1.000000
1.000000
1.000000
1.000000
1.000000
1.000000
1.000000
1.000000
1.000000
1.000000
1.000000
1.000000
1.000000
1.000000
1.000000
1.000000
1.000000
1.000000
1.000000
1.000000
1.000000
1.000000
