83.775804
83.775804
83.775804
83.775804
83.775804
83.775804
83.775804
83.775804
83.775804
83.775804
83.775804
83.775804
83.775804
83.775804
83.775804
123.839286
163.868146
211.402417
271.445707
187.643785
198.469388
202.799629
204.243043
207.851577
210.016698
222.285714
230.224490
246.102041
264.144712
181.666692
191.888348
197.463796
201.180762
203.968486
206.291589
206.756210
205.362348
198.393038
185.383658
171.909658
249.710575
233.111317
209.294991
181.148423
160.218924
150.836735
255.183983
243.925866
230.165945
222.660534
222.660534
217.656926
196.391595
163.868146
151.359127
150.108225
150.108225
150.108225
153.860931
157.613636
183.882576
191.387987
198.893398
202.646104
213.904221
222.660534
226.413240
230.165945
253.933081
167.435993
191.252319
215.068646
235.276438
248.267161
256.205937
262.701299
269.918367
178.878968
182.595934
183.525175
181.202072
178.878968
173.303520
171.909658
170.515796
166.798830
254.762523
249.710575
246.823748
230.224490
197.025974
158.775510
212.653319
177.628066
150.108225
113.832071
83.775804
83.775804
83.775804
83.775804
83.775804
83.775804
83.775804
83.775804
83.775804
83.775804
83.775804
83.775804
83.775804
83.775804
83.775804
83.775804
83.775804
83.775804
83.775804
83.775804
83.775804
83.775804
83.775804
83.775804
83.775804
83.775804
83.775804
83.775804
83.775804
83.775804
83.775804
83.775804
83.775804
83.775804
83.775804
83.775804
83.775804
83.775804
83.775804
83.775804
83.775804
83.775804
83.775804
83.775804
83.775804
146.355519
205.147908
236.420455
248.929473
260.187590
164.549165
183.313544
199.912801
210.738404
215.068646
212.181818
196.304267
163.105751
216.406025
166.369949
150.108225
157.613636
176.377165
215.155123
251.431277
168.879406
184.035250
199.191095
212.903525
224.450835
231.667904
239.606679
254.040816
268.474954
176.555865
173.768141
253.319109
223.729128
195.582560
182.591837
181.148423
186.922078
200.634508
210.738404
213.625232
212.903525
210.738404
204.243043
188.365492
170.322820
151.558442
236.420455
213.904221
196.391595
181.380772
171.373557
161.366342
156.362734
152.610029
150.108225
150.108225
150.108225
150.108225
156.362734
162.617244
175.126263
187.635281
206.398810
237.671356
265.191198
171.766234
194.139147
213.625232
230.946197
254.040816
270.640074
182.131313
188.171382
193.282210
200.251520
209.079314
218.836348
227.664141
235.098073
240.673521
244.855107
246.713590
248.572073
249.965935
251.824418
254.612142
256.935245
259.258349
261.116832
196.141732
196.141732
195.100271
190.587276
245.784349
236.956555
231.381107
228.593383
224.876417
217.907107
205.826969
192.817589
183.525175
171.909658
249.710575
233.111317
209.294991
181.148423
160.218924
150.836735
255.183983
243.925866
230.165945
222.660534
222.660534
217.656926
196.391595
181.380772
192.638889
223.911436
257.685786
167.435993
185.478664
207.129870
234.554731
260.536178
181.202072
189.565244
199.322279
206.291589
213.260900
213.725521
211.867038
210.473176
203.039244
189.565244
176.555865
248.267161
223.007421
184.035250
154.445269
145.784787
165.270872
191.974026
217.955473
246.102041
269.918367
189.100624
204.433107
219.765590
228.593383
231.381107
228.593383
223.482555
219.765590
217.442486
216.977865
217.442486
218.836348
219.765590
219.765590
218.836348
216.513245
212.796279
208.150072
201.180762
194.211451
189.565244
187.242141
186.312899
184.454417
182.131313
178.878968
173.768141
167.263451
248.267161
238.163265
228.781076
216.512059
202.077922
188.365492
184.756957
179.705009
179.705009
175.374768
172.487941
172.487941
170.322820
168.157699
256.434885
218.907828
211.402417
208.900613
198.893398
195.140693
187.635281
181.380772
178.878968
181.380772
192.638889
222.660534
263.940296
173.931354
180.426716
182.591837
184.035250
190.530612
191.974026
195.582560
199.912801
202.799629
203.521336
202.799629
202.077922
201.356215
201.356215
202.799629
203.521336
202.077922
194.139147
180.426716
167.435993
158.053803
152.280148
149.393321
149.393321
150.115028
153.001855
159.497217
169.601113
175.374768
176.818182
171.766234
153.723562
221.409632
180.129870
148.857323
127.591991
111.330267
100.072150
90.064935
83.775804
83.775804
83.775804
83.775804
83.775804
83.775804
83.775804
83.775804
83.775804
83.775804
83.775804
83.775804
83.775804
83.775804
103.824856
153.860931
207.649711
261.438492
174.653061
184.756957
184.756957
179.705009
168.157699
155.888683
252.682179
233.918651
212.653319
191.387987
177.628066
173.875361
175.126263
177.628066
181.380772
186.384380
198.893398
217.656926
233.918651
238.922258
235.169553
220.158730
207.649711
202.646104
205.147908
215.155123
238.922258
163.105751
197.747681
228.059369
241.050093
241.771800
236.719852
230.224490
225.894249
224.450835
220.842301
210.738404
192.695733
165.992579
227.664141
161.366342
96.319444
83.775804
83.775804
83.775804
83.775804
83.775804
83.775804
83.775804
83.775804
83.775804
83.775804
83.775804
83.775804
83.775804
83.775804
83.775804
83.775804
83.775804
83.775804
83.775804
83.775804
83.775804
83.775804
83.775804
83.775804
83.775804
83.775804
83.775804
83.775804
83.775804
83.775804
83.775804
83.775804
83.775804
83.775804
83.775804
83.775804
83.775804
83.775804
83.775804
83.775804
83.775804
83.775804
83.775804
83.775804
83.775804
83.775804
83.775804
83.775804
83.775804
83.775804
83.775804
83.775804
83.775804
83.775804
83.775804
83.775804
83.775804
83.775804
83.775804
83.775804
83.775804
83.775804
83.775804
83.775804
83.775804
83.775804
83.775804
83.775804
83.775804
83.775804
83.775804
83.775804
83.775804
147.606421
210.151515
256.434885
273.947511
273.947511
266.442100
253.933081
240.173160
222.660534
193.889791
148.857323
95.068543
83.775804
83.775804
83.775804
83.775804
83.775804
83.775804
83.775804
83.775804
83.775804
83.775804
102.573954
162.617244
235.169553
166.714286
176.818182
176.818182
175.374768
170.322820
160.940631
251.431277
231.416847
215.155123
203.897006
192.638889
183.882576
178.878968
171.373557
166.369949
163.868146
163.868146
166.369949
172.624459
181.380772
206.398810
212.653319
212.653319
212.653319
192.638889
126.341089
83.775804
83.775804
83.775804
83.775804
83.775804
83.775804
83.775804
83.775804
83.775804
83.775804
83.775804
83.775804
83.775804
83.775804
83.775804
83.775804
83.775804
83.775804
83.775804
83.775804
83.775804
83.775804
83.775804
83.775804
83.775804
83.775804
83.775804
83.775804
83.775804
83.775804
83.775804
83.775804
83.775804
83.775804
83.775804
83.775804
83.775804
83.775804
113.832071
177.628066
247.678571
184.035250
220.120594
251.153989
180.272830
199.322279
215.584003
224.411797
226.270279
225.341038
224.876417
223.947176
222.088693
218.371727
213.260900
208.614693
206.291589
205.826969
206.756210
209.543934
212.331658
213.725521
213.725521
213.725521
214.190141
216.977865
221.624072
227.199521
233.704210
239.744280
244.390486
246.248969
246.248969
245.784349
244.855107
244.390486
246.713590
252.289038
256.470625
257.864487
259.722969
261.581452
196.836039
197.530346
197.183192
194.405964
251.824418
242.067383
232.774969
219.300969
200.716141
182.131313
169.586554
247.545455
223.729128
187.643785
149.393321
192.638889
163.868146
150.108225
156.362734
175.126263
237.671356
167.435993
202.077922
230.946197
245.380334
259.814471
176.555865
185.848279
187.242141
188.171382
181.202072
257.649351
229.502783
195.582560
164.549165
152.280148
236.420455
236.420455
266.442100
172.487941
186.922078
204.964750
218.677180
223.007421
224.450835
229.502783
235.998145
239.606679
233.833024
204.243043
186.200371
166.714286
157.332096
153.001855
151.558442
151.558442
150.836735
248.929473
223.911436
188.886183
160.115440
150.108225
165.119048
213.904221
263.940296
272.696609
265.191198
231.416847
173.875361
150.108225
150.108225
162.617244
200.144300
231.416847
257.685786
281.452922
173.209647
191.974026
215.790353
251.153989
272.805195
186.777520
193.282210
194.676072
195.140693
196.069934
196.999175
198.393038
200.251520
203.039244
204.433107
204.897727
210.473176
215.584003
219.300969
219.765590
220.230210
220.230210
220.694831
222.553314
225.805659
229.522624
231.381107
231.381107
230.916486
229.058004
225.341038
221.159452
215.119383
203.039244
182.595934
246.102041
209.294991
171.044527
230.165945
178.878968
150.108225
160.115440
200.144300
238.922258
280.202020
184.756957
217.233766
254.762523
185.383658
206.756210
220.694831
236.491935
251.359797
261.581452
201.696188
207.597798
212.110793
215.582328
218.012403
219.748170
220.789631
222.178245
224.608320
226.344087
226.691241
226.691241
227.038394
228.079855
229.121315
227.732701
220.442477
207.250644
189.545815
229.058004
208.614693
196.534555
192.352968
191.888348
195.605313
207.685451
224.876417
238.815038
244.855107
246.248969
243.925866
238.350417
230.916486
220.230210
203.039244
184.454417
256.205937
224.450835
189.808905
158.053803
225.162338
212.653319
225.162338
267.693001
178.983302
201.356215
222.285714
238.163265
253.319109
267.753247
180.737451
192.352968
204.433107
215.119383
221.624072
223.947176
226.270279
229.058004
231.381107
233.239590
236.491935
240.673521
243.925866
247.642831
253.218280
258.793728
196.141732
197.183192
197.877499
198.571807
200.307574
203.779109
208.639258
212.110793
214.193714
216.276635
218.359556
219.748170
220.095324
220.442477
223.914013
228.427008
231.898543
233.981464
238.841613
206.849799
210.340935
211.795575
213.541143
217.032279
221.105270
182.512540
182.274273
181.559472
180.606404
179.653336
178.223734
214.995783
211.504647
207.431655
204.813303
203.649591
203.649591
200.740311
197.831031
197.831031
197.831031
198.121959
198.994743
199.576599
199.867527
199.285671
198.121959
233.634311
229.815622
224.955473
220.789631
217.318096
215.582328
214.888021
214.888021
214.540868
213.499407
211.416486
207.250644
189.545815
229.058004
208.614693
196.534555
192.352968
191.888348
195.605313
207.685451
224.876417
238.815038
244.855107
250.895176
197.877499
201.696188
205.514877
204.820570
205.167723
206.556337
210.027872
216.276635
221.831092
225.996934
222.525399
217.665249
215.235175
212.805100
211.416486
210.027872
208.986412
207.597798
206.209184
203.431956
199.613267
196.488885
194.405964
192.670197
190.934429
252.753659
251.359797
250.895176
250.430556
250.430556
250.895176
251.824418
255.541383
259.258349
261.116832
260.652211
256.006004
244.855107
224.876417
200.251520
175.626623
234.554731
196.304267
181.148423
187.643785
211.460111
249.710575
187.706761
210.473176
227.664141
237.421176
242.067383
242.532004
242.067383
240.208900
236.491935
228.593383
213.260900
188.636003
254.762523
216.512059
178.261596
241.424062
200.144300
165.119048
133.846501
110.079365
90.064935
83.775804
83.775804
83.775804
83.775804
83.775804
83.775804
83.775804
83.775804
83.775804
83.775804
83.775804
83.775804
83.775804
83.775804
83.775804
83.775804
83.775804
83.775804
83.775804
83.775804
83.775804
83.775804
83.775804
83.775804
83.775804
83.775804
83.775804
83.775804
83.775804
83.775804
83.775804
83.775804
83.775804
83.775804
83.775804
83.775804
83.775804
83.775804
83.775804
83.775804
83.775804
83.775804
83.775804
83.775804
83.775804
83.775804
107.577561
182.631674
250.180375
176.096475
203.521336
228.781076
252.597403
271.361781
184.454417
192.817589
202.574624
213.725521
224.876417
234.633452
241.138142
244.390486
245.319728
245.784349
246.713590
247.642831
246.713590
242.996624
235.562693
226.734900
216.048624
203.503865
187.242141
167.263451
221.564007
183.313544
151.558442
208.900613
167.620851
150.108225
151.359127
160.115440
195.140693
248.929473
168.879406
177.539889
181.870130
190.530612
207.851577
229.502783
254.762523
183.525175
206.756210
229.058004
247.642831
262.046073
204.473416
212.457947
217.318096
218.706710
216.970942
211.416486
205.862030
203.431956
203.431956
203.779109
204.126263
204.126263
204.126263
205.167723
208.639258
214.193714
218.706710
221.136785
221.831092
220.442477
216.276635
209.333565
204.473416
202.737649
204.126263
208.986412
216.276635
221.831092
223.914013
223.566859
220.442477
215.235175
212.457947
212.805100
217.318096
226.691241
236.064385
240.924534
202.776807
201.613095
198.121959
232.245697
229.815622
228.079855
225.302627
219.401017
209.333565
193.711657
234.633452
210.008555
186.312899
168.192692
237.441558
215.068646
191.974026
165.992579
242.674964
203.897006
182.631674
177.628066
178.878968
182.631674
188.886183
205.147908
238.922258
281.452922
176.096475
178.983302
163.827458
217.656926
172.624459
150.108225
150.108225
150.108225
173.875361
235.169553
181.148423
215.068646
243.936920
177.485106
201.645382
227.199521
249.965935
200.654728
213.499407
225.649780
237.452999
208.304439
212.377431
216.159495
221.687126
185.610012
189.422284
192.996289
196.093761
198.952965
201.573902
164.810606
166.352694
167.894781
169.822391
171.750000
173.677609
175.412458
176.761785
177.918350
178.882155
179.460438
179.460438
179.460438
179.460438
179.460438
179.460438
179.460438
179.460438
179.460438
179.460438
179.653199
179.653199
179.845960
180.617003
181.580808
152.335859
153.618687
154.580808
155.222222
155.542929
155.703283
155.863636
156.023990
156.184343
156.184343
156.184343
156.184343
156.023990
156.023990
156.023990
156.023990
155.863636
155.703283
155.542929
155.382576
155.061869
154.580808
154.099747
153.458333
153.137626
152.816919
152.656566
152.335859
152.175505
151.854798
151.534091
151.373737
151.373737
151.213384
151.213384
150.892677
150.571970
149.770202
148.808081
177.340067
175.990741
174.641414
173.484848
172.135522
170.978956
169.822391
168.473064
167.123737
165.774411
164.425084
163.268519
162.111953
160.955387
159.798822
196.093761
194.664159
193.234556
191.804954
190.375352
189.184017
188.230949
187.516148
187.516148
187.754415
188.469216
189.184017
189.660551
190.137085
190.137085
189.660551
188.945750
187.992682
187.039614
186.324813
185.610012
185.133478
185.133478
185.371745
185.610012
186.086546
186.563080
186.563080
186.801347
186.801347
186.801347
186.324813
185.848279
185.133478
184.180410
183.227341
182.512540
181.559472
180.368137
179.176802
177.985467
177.270666
216.159495
216.450423
217.032279
217.905063
218.486919
219.068774
219.650630
220.523414
220.814342
221.105270
221.105270
221.105270
220.814342
220.814342
220.523414
220.232486
219.650630
218.777846
218.195991
217.323207
215.577639
214.413927
213.250215
213.832071
215.286711
217.905063
221.396198
185.133478
188.707483
191.328420
192.519755
192.996289
192.996289
192.996289
192.996289
192.996289
192.758022
192.043221
191.328420
190.613619
190.375352
190.137085
190.137085
190.137085
190.375352
190.613619
191.566687
192.519755
193.472823
194.187625
194.425892
194.425892
193.949358
192.281488
189.660551
186.324813
182.989074
179.415069
214.704855
209.759079
204.231447
198.412887
229.468469
221.483938
213.846561
208.986412
207.597798
209.680719
214.540868
217.318096
217.665249
214.888021
208.292105
202.737649
200.654728
200.654728
200.654728
198.918960
195.100271
252.289038
236.027314
211.402417
186.777520
251.875696
213.625232
197.025974
211.460111
237.441558
256.927644
264.866419
271.361781
183.060555
197.463796
216.048624
233.239590
245.319728
252.289038
255.076763
255.076763
254.147521
251.359797
247.178211
242.067383
235.562693
228.128762
220.230210
210.008555
194.211451
169.586554
225.172542
199.191095
194.139147
197.025974
198.469388
197.747681
195.582560
192.695733
193.417440
203.521336
224.450835
251.153989
178.414348
190.029865
193.746831
190.029865
177.949727
254.762523
247.545455
249.710575
261.979592
183.525175
194.211451
197.463796
194.676072
186.312899
170.051175
225.894249
187.643785
148.671614
238.922258
246.427670
263.940296
275.198413
276.449315
267.693001
245.176768
228.915043
225.162338
228.915043
231.416847
223.911436
187.635281
123.839286
83.775804
83.775804
83.775804
83.775804
83.775804
83.775804
83.775804
83.775804
83.775804
83.775804
83.775804
83.775804
83.775804
83.775804
83.775804
83.775804
83.775804
83.775804
83.775804
83.775804
83.775804
83.775804
83.775804
83.775804
83.775804
83.775804
83.775804
83.775804
83.775804
83.775804
83.775804
83.775804
98.821248
115.082973
130.093795
143.853716
161.366342
183.882576
212.653319
247.678571
166.714286
192.695733
220.120594
246.102041
270.640074
188.636003
201.180762
212.331658
221.624072
229.058004
234.633452
238.350417
242.067383
244.855107
248.107452
250.895176
253.218280
255.541383
258.329107
261.581452
198.571807
203.084802
208.986412
216.276635
224.608320
232.940004
240.230227
205.686087
209.177223
211.504647
213.541143
214.704855
215.577639
215.286711
214.122999
210.922791
205.977015
199.576599
229.815622
222.178245
215.929482
211.416486
208.986412
208.292105
209.680719
213.152254
219.401017
227.732701
237.452999
208.304439
217.905063
186.801347
194.902426
163.654040
168.473064
171.557239
173.484848
174.641414
175.412458
176.376263
177.340067
178.689394
180.038721
181.580808
152.175505
153.458333
154.901515
156.665404
158.589646
160.994949
163.560606
166.126263
168.691919
171.257576
173.983586
176.709596
179.435606
182.321970
184.887626
187.292929
189.537879
191.622475
193.546717
195.310606
196.593434
197.555556
198.196970
198.357323
198.196970
197.715909
197.234848
196.433081
195.791667
194.829545
193.707071
192.424242
190.981061
189.377525
187.773990
186.330808
185.208333
184.246212
183.604798
182.963384
182.642677
182.321970
181.680556
181.039141
179.916667
178.633838
177.190657
175.587121
173.983586
172.700758
171.738636
170.936869
170.616162
170.295455
170.295455
170.295455
170.616162
170.776515
171.257576
171.898990
172.861111
173.983586
175.426768
177.190657
179.114899
181.199495
182.963384
184.566919
185.849747
186.811869
187.132576
186.972222
186.330808
184.727273
182.482323
179.595960
176.549242
173.662879
171.578283
170.135101
169.654040
169.493687
169.493687
169.333333
168.852273
168.210859
167.409091
166.767677
166.446970
166.607323
167.409091
168.531566
170.135101
171.898990
173.983586
176.228535
178.473485
180.718434
182.642677
184.406566
186.010101
187.292929
188.575758
189.858586
191.141414
192.424242
193.707071
194.989899
196.112374
197.395202
198.517677
199.479798
200.441919
201.083333
201.724747
202.205808
202.686869
203.007576
203.167929
203.328283
203.488636
203.488636
203.488636
203.328283
203.007576
202.526515
202.045455
201.564394
201.404040
201.404040
201.724747
202.366162
203.007576
203.648990
204.290404
204.611111
204.931818
205.092172
205.252525
205.412879
205.573232
205.733586
205.893939
206.054293
206.214646
206.214646
206.054293
205.733586
205.412879
205.092172
204.611111
204.290404
203.969697
203.648990
203.488636
203.328283
203.167929
203.328283
203.488636
203.809343
204.290404
204.771465
205.412879
206.054293
206.856061
207.657828
208.619949
209.421717
210.063131
210.383838
210.544192
210.383838
209.582071
208.138889
205.893939
202.847222
198.998737
194.989899
190.820707
186.811869
182.963384
179.275253
175.587121
171.738636
168.050505
164.362374
160.994949
158.108586
155.863636
153.779040
152.015152
150.411616
148.808081
176.954545
175.412458
173.870370
172.713805
171.750000
170.786195
169.822391
168.858586
167.894781
166.930976
165.967172
164.810606
163.846801
162.690236
161.533670
160.377104
196.808562
195.378960
193.711090
191.566687
188.469216
184.418677
178.938535
210.340935
201.031239
228.774162
217.665249
207.250644
197.877499
189.545815
242.532004
230.916486
217.442486
202.110003
185.383658
169.121934
239.606679
220.120594
204.243043
189.808905
176.096475
162.384045
256.434885
227.664141
193.889791
153.860931
108.828463
83.775804
83.775804
83.775804
83.775804
83.775804
83.775804
83.775804
